7
49
100
1
2
3
4
5
6
7
8
9
10
11
12
13
14
15
16
17
18
19
20
21
22
23
24
25
26
27
28
29
30
31
32
33
34
35
36
37
38
39
40
41
42
43
44
45
46
47
48
49
50
51
52
53
54
55
56
57
58
59
60
61
62
63
64
65
66
67
68
69
70
71
72
73
74
75
76
77
78
79
80
81
82
83
84
85
86
87
88
89
90
91
92
93
94
95
96
97
98
99
100
25
1000
21
25
26
28
40
46
49
51
52
53
67
69
75
76
80
83
99
100
103
104
109
114
115
124
126
129
145
146
160
163
167
172
178
192
193
216
217
220
225
237
242
243
247
250
270
277
279
287
297
298
307
315
316
318
319
323
330
332
334
338
351
355
360
361
362
367
379
381
383
387
388
393
395
402
405
408
410
420
421
425
431
442
444
445
452
456
457
458
463
467
477
478
493
495
501
517
525
527
532
535
536
539
555
568
569
574
579
580
582
583
587
590
599
601
609
619
622
624
628
630
640
645
649
651
652
660
662
666
673
685
691
695
699
701
708
711
721
726
732
743
745
746
747
752
756
764
772
778
780
784
787
795
801
805
809
813
816
832
837
848
849
852
857
858
870
879
885
894
897
920
924
932
933
935
937
952
960
961
963
964
973
976
983
987
988
1006
1013
1017
1023
1025
1028
1030
1034
1038
1040
1042
1051
1054
1058
1061
1062
1063
1079
1084
1086
1091
1092
1098
1103
1104
1106
1109
1111
1120
1122
1130
1131
1137
1139
1144
1146
1147
1151
1157
1161
1163
1169
1180
1181
1193
1194
1195
1200
1205
1215
1224
1225
1244
1248
1252
1259
1261
1262
1264
1265
1279
1288
1290
1294
1297
1310
1313
1320
1321
1327
1331
1340
1341
1342
1343
1358
1359
1360
1363
1364
1366
1369
1383
1387
1389
1390
1402
1406
1419
1422
1425
1431
1442
1445
1446
1448
1450
1454
1469
1476
1477
1478
1485
1488
1489
1490
1491
1498
1504
1510
1517
1521
1523
1537
1549
1550
1555
1565
1567
1568
1570
1572
1575
1576
1578
1580
1583
1586
1587
1591
1596
1598
1602
1604
1606
1608
1623
1625
1627
1636
1637
1642
1648
1653
1658
1659
1665
1667
1668
1669
1673
1677
1680
1687
1689
1694
1697
1709
1712
1713
1721
1722
1725
1727
1736
1744
1750
1752
1756
1757
1758
1768
1770
1772
1776
1777
1788
1795
1800
1802
1819
1828
1832
1840
1842
1844
1849
1853
1863
1871
1880
1881
1885
1886
1893
1895
1896
1898
1910
1911
1914
1922
1923
1930
1936
1945
1949
1956
1964
1983
1992
1996
1997
2001
2012
2015
2016
2019
2021
2038
2053
2054
2060
2069
2071
2093
2098
2111
2117
2119
2122
2123
2125
2128
2129
2130
2147
2151
2161
2164
2170
2171
2177
2195
2199
2202
2210
2211
2242
2244
2245
2252
2256
2258
2263
2264
2265
2266
2279
2287
2297
2299
2304
2306
2314
2315
2317
2319
2321
2322
2323
2336
2339
2343
2347
2348
2352
2356
2360
2366
2367
2373
2376
2377
2381
2395
2407
2413
2420
2421
2431
2433
2434
2437
2439
2440
2443
2444
2446
2448
2450
2451
2452
2453
2458
2466
2474
2476
2480
2483
2489
2494
2500
2517
2523
2531
2539
2541
2545
2546
2553
2558
2563
2565
2566
2567
2570
2571
2572
2575
2579
2580
2590
2594
2600
2609
2613
2618
2619
2623
2627
2633
2639
2646
2657
2665
2666
2667
2671
2672
2676
2677
2679
2684
2689
2709
2712
2717
2721
2722
2732
2734
2735
2739
2741
2757
2758
2761
2769
2772
2781
2793
2797
2803
2806
2809
2813
2815
2822
2823
2830
2831
2833
2841
2844
2851
2852
2854
2855
2860
2868
2869
2876
2878
2885
2890
2893
2908
2912
2913
2915
2928
2930
2937
2938
2945
2955
2957
2969
2971
2976
2977
2980
2987
2990
3012
3016
3019
3025
3029
3030
3042
3048
3050
3056
3063
3076
3078
3080
3082
3086
3091
3099
3100
3114
3119
3122
3127
3130
3134
3143
3145
3152
3158
3169
3176
3178
3187
3188
3190
3224
3244
3248
3250
3253
3254
3255
3256
3263
3264
3265
3267
3276
3303
3308
3309
3316
3318
3346
3350
3354
3357
3359
3361
3362
3365
3367
3369
3372
3376
3378
3381
3389
3392
3401
3404
3411
3414
3416
3419
3430
3435
3436
3437
3444
3447
3452
3458
3459
3473
3483
3496
3499
3500
3503
3504
3516
3517
3520
3521
3522
3524
3527
3529
3546
3549
3550
3553
3554
3560
3566
3571
3578
3595
3602
3603
3604
3608
3611
3615
3620
3621
3624
3627
3628
3629
3633
3635
3641
3647
3679
3691
3697
3701
3705
3715
3724
3732
3735
3739
3751
3753
3756
3758
3775
3777
3778
3780
3795
3814
3819
3820
3822
3824
3826
3827
3830
3833
3835
3846
3853
3855
3857
3859
3865
3866
3871
3876
3879
3883
3915
3916
3918
3919
3923
3929
3932
3937
3938
3942
3943
3951
3953
3954
3955
3956
3969
3974
3975
3982
3988
3990
3994
3999
4006
4007
4010
4015
4024
4028
4038
4040
4045
4049
4055
4056
4059
4069
4072
4073
4074
4075
4078
4093
4095
4102
4110
4112
4113
4119
4129
4131
4132
4140
4145
4146
4156
4158
4159
4173
4176
4179
4186
4193
4197
4200
4205
4209
4214
4217
4220
4221
4227
4228
4230
4249
4256
4260
4264
4266
4270
4274
4275
4282
4285
4286
4288
4289
4302
4310
4312
4316
4321
4328
4334
4342
4345
4348
4349
4363
4377
4380
4389
4390
4395
4397
4407
4410
4416
4417
4422
4426
4429
4439
4443
4445
4450
4452
4455
4456
4493
4501
4506
4507
4524
4528
4529
4530
4533
4538
4539
4547
4551
4552
4559
4561
4571
4572
4574
4580
4586
4595
4602
4603
4606
4618
4626
4627
4628
4636
4643
4648
4649
4656
4666
4667
4668
4679
4686
4695
4701
4703
4708
4716
4719
4720
4721
4724
4733
4738
4739
4751
4754
4765
4767
4771
4779
4783
4784
4789
4790
4793
4806
4807
4809
4814
4816
4821
4826
4830
4831
4835
4836
4839
4845
4848
4854
4855
4864
4866
4871
4880
4886
4890
4898
4899
4900
4902
4904
4906
4914
4916
4917
4919
4924
4926
4928
4929
4931
4933
4937
4941
4946
4948
4949
4960
4971
4973
4976
4980
4984
4988
4992
4993
4999
258
5000
251
252
253
254
257
258
259
261
263
265
266
267
268
270
272
273
274
277
278
279
280
282
283
284
285
286
288
289
290
291
293
294
295
301
303
305
311
314
316
317
318
319
320
321
322
324
325
326
327
328
330
331
332
333
339
347
348
351
352
355
358
359
363
364
366
369
372
373
374
376
380
381
383
386
388
390
391
392
394
395
397
400
404
405
407
408
410
411
413
414
416
420
421
423
424
425
427
428
429
431
434
435
437
441
442
443
446
447
448
449
450
452
453
454
455
459
460
462
466
467
469
471
473
475
477
478
480
482
483
484
485
487
488
491
492
493
494
496
497
499
501
502
503
504
506
508
509
512
514
519
520
521
522
523
524
529
532
535
536
537
540
542
543
546
548
554
556
557
558
562
564
566
567
569
570
571
573
574
575
576
579
580
581
582
584
585
586
588
590
591
592
593
594
595
598
600
601
604
605
609
610
611
615
616
617
618
620
621
624
626
628
629
630
632
633
634
636
638
641
642
643
644
645
650
651
652
653
654
655
659
660
661
663
664
665
671
673
674
675
676
677
679
680
681
683
684
685
686
687
688
691
692
693
694
695
696
697
698
699
700
701
702
703
704
706
711
715
716
717
719
721
722
723
724
727
729
730
732
733
734
735
738
741
744
745
746
748
749
750
751
754
755
757
758
759
760
761
762
763
764
766
767
768
769
770
771
772
774
775
777
778
781
784
785
791
792
797
800
801
802
806
808
810
811
812
813
814
815
816
817
821
822
823
824
828
830
831
832
834
836
837
842
843
844
845
846
849
850
851
852
854
855
856
858
859
860
861
862
863
865
868
870
872
874
878
879
880
882
883
887
888
891
894
896
897
899
900
903
904
905
909
910
911
912
913
914
916
920
921
923
924
926
928
929
931
934
935
936
938
939
941
942
944
946
947
948
949
950
951
953
958
959
960
964
966
969
972
973
974
976
977
980
981
982
984
987
988
989
992
994
996
998
999
1000
1003
1008
1009
1010
1013
1014
1017
1020
1021
1022
1026
1027
1028
1033
1035
1036
1037
1040
1041
1044
1046
1047
1048
1051
1053
1054
1055
1056
1057
1060
1061
1062
1063
1064
1065
1069
1070
1071
1073
1074
1075
1076
1077
1078
1080
1081
1082
1086
1089
1092
1093
1094
1095
1096
1097
1098
1099
1100
1101
1103
1104
1109
1110
1111
1112
1113
1115
1116
1119
1120
1123
1125
1126
1127
1130
1132
1133
1134
1135
1139
1140
1141
1145
1146
1149
1150
1153
1154
1161
1162
1164
1165
1166
1167
1170
1171
1173
1174
1175
1176
1177
1181
1186
1188
1189
1191
1193
1194
1195
1196
1200
1201
1202
1204
1205
1206
1207
1208
1210
1211
1214
1215
1218
1222
1224
1226
1227
1228
1230
1231
1232
1233
1234
1235
1236
1237
1239
1240
1245
1249
1250
1253
1255
1256
1257
1260
1262
1264
1266
1267
1269
1271
1274
1275
1276
1278
1280
1281
1282
1283
1286
1287
1290
1291
1292
1294
1298
1302
1306
1309
1314
1315
1317
1318
1319
1320
1323
1324
1325
1328
1329
1331
1334
1335
1337
1338
1339
1340
1341
1343
1344
1346
1349
1350
1353
1354
1355
1357
1358
1360
1361
1362
1366
1367
1369
1372
1373
1375
1377
1378
1379
1381
1382
1384
1385
1387
1388
1389
1390
1395
1396
1397
1399
1400
1402
1403
1405
1406
1408
1409
1410
1413
1414
1416
1417
1418
1419
1420
1423
1424
1425
1426
1430
1432
1433
1434
1436
1438
1439
1440
1442
1444
1445
1446
1447
1448
1449
1450
1451
1452
1458
1459
1460
1462
1463
1465
1466
1468
1473
1474
1477
1478
1479
1480
1481
1483
1484
1486
1487
1488
1489
1490
1492
1493
1495
1496
1499
1501
1504
1511
1512
1514
1516
1517
1519
1521
1522
1524
1525
1526
1530
1532
1533
1535
1536
1537
1538
1540
1541
1547
1549
1550
1551
1554
1557
1558
1559
1563
1564
1568
1569
1570
1572
1574
1575
1576
1577
1579
1580
1581
1582
1583
1584
1586
1587
1588
1589
1590
1592
1593
1595
1596
1598
1599
1600
1601
1603
1605
1609
1610
1611
1612
1615
1617
1619
1620
1621
1624
1625
1627
1629
1632
1633
1634
1636
1637
1638
1641
1642
1643
1644
1645
1646
1647
1649
1651
1654
1655
1660
1661
1662
1665
1667
1669
1670
1673
1677
1678
1680
1681
1682
1685
1687
1688
1690
1692
1696
1700
1701
1702
1707
1711
1712
1716
1717
1719
1720
1725
1726
1730
1731
1732
1736
1737
1738
1740
1742
1743
1744
1745
1746
1747
1749
1750
1752
1753
1755
1756
1757
1758
1759
1760
1763
1765
1768
1769
1771
1775
1777
1778
1784
1785
1786
1789
1790
1791
1792
1794
1795
1796
1797
1800
1802
1803
1805
1806
1807
1812
1813
1814
1816
1817
1819
1820
1821
1822
1825
1826
1827
1828
1830
1831
1832
1834
1835
1837
1839
1842
1846
1847
1848
1849
1850
1852
1856
1857
1858
1859
1860
1861
1863
1865
1866
1867
1869
1870
1871
1873
1875
1879
1881
1883
1885
1888
1889
1890
1891
1892
1893
1894
1895
1896
1899
1900
1901
1902
1903
1906
1907
1908
1909
1911
1912
1913
1915
1916
1918
1921
1922
1923
1924
1925
1927
1928
1929
1930
1934
1935
1937
1938
1940
1942
1943
1945
1946
1950
1951
1953
1954
1955
1956
1957
1958
1959
1963
1964
1965
1967
1970
1972
1973
1974
1975
1977
1980
1981
1982
1983
1985
1987
1990
1992
1993
1994
1995
1996
1997
1999
2000
2001
2002
2003
2005
2007
2008
2009
2010
2013
2015
2016
2017
2020
2021
2022
2024
2026
2027
2028
2029
2030
2031
2033
2034
2035
2036
2040
2041
2043
2044
2049
2050
2051
2055
2056
2057
2058
2061
2062
2065
2066
2067
2068
2069
2070
2071
2072
2073
2074
2077
2078
2079
2081
2083
2084
2090
2092
2093
2094
2098
2099
2101
2102
2104
2106
2108
2109
2110
2111
2112
2114
2115
2117
2119
2122
2127
2130
2133
2134
2135
2137
2139
2140
2141
2142
2144
2145
2147
2149
2153
2154
2156
2158
2159
2160
2161
2162
2167
2169
2171
2174
2175
2178
2179
2182
2183
2184
2189
2190
2192
2193
2194
2203
2204
2208
2209
2210
2212
2215
2216
2218
2221
2224
2227
2230
2235
2237
2239
2240
2241
2244
2245
2246
2248
2250
2251
2252
2253
2254
2257
2258
2259
2260
2261
2262
2263
2270
2274
2276
2279
2280
2281
2283
2286
2287
2288
2289
2292
2293
2294
2295
2297
2298
2302
2306
2307
2309
2310
2313
2314
2315
2316
2317
2318
2319
2320
2327
2329
2330
2331
2332
2333
2334
2335
2336
2338
2339
2342
2343
2346
2348
2350
2352
2356
2357
2358
2359
2361
2363
2364
2366
2368
2370
2371
2372
2375
2376
2381
2384
2385
2388
2389
2390
2394
2396
2398
2400
2401
2402
2404
2406
2409
2414
2415
2418
2419
2423
2424
2426
2429
2430
2431
2432
2435
2436
2437
2439
2440
2441
2442
2450
2452
2454
2455
2456
2459
2465
2466
2468
2469
2471
2472
2473
2474
2475
2478
2479
2481
2482
2484
2486
2487
2488
2489
2490
2491
2493
2494
2497
2498
2499
2500
2501
2507
2510
2512
2513
2514
2516
2519
2520
2522
2525
2526
2527
2528
2530
2532
2534
2535
2537
2540
2541
2544
2545
2549
2550
2551
2553
2554
2559
2561
2564
2565
2569
2574
2575
2577
2579
2580
2581
2586
2587
2588
2589
2591
2592
2595
2596
2597
2599
2601
2602
2603
2604
2605
2606
2607
2608
2609
2613
2614
2615
2616
2617
2618
2619
2623
2624
2626
2628
2630
2632
2633
2636
2638
2643
2644
2647
2652
2655
2658
2659
2660
2663
2664
2665
2666
2668
2673
2674
2675
2677
2678
2680
2683
2684
2685
2686
2688
2690
2691
2692
2695
2696
2699
2701
2705
2706
2708
2710
2711
2712
2718
2719
2720
2721
2722
2723
2726
2730
2732
2734
2735
2738
2739
2740
2741
2745
2746
2747
2748
2749
2752
2754
2755
2756
2758
2760
2762
2764
2767
2769
2771
2773
2774
2775
2776
2778
2779
2780
2781
2782
2783
2785
2786
2789
2792
2793
2794
2796
2799
2800
2801
2802
2803
2804
2805
2806
2808
2809
2811
2813
2815
2817
2819
2821
2822
2824
2827
2829
2831
2834
2835
2836
2837
2838
2839
2840
2842
2843
2844
2846
2847
2849
2851
2853
2854
2857
2858
2859
2861
2863
2864
2867
2869
2871
2874
2875
2877
2878
2879
2882
2884
2885
2888
2890
2891
2892
2893
2894
2897
2900
2902
2904
2906
2907
2908
2909
2912
2913
2914
2915
2916
2917
2919
2920
2921
2922
2923
2926
2929
2931
2932
2935
2936
2938
2939
2940
2941
2942
2944
2947
2948
2949
2951
2953
2954
2955
2956
2957
2958
2960
2961
2962
2964
2966
2967
2968
2971
2972
2973
2975
2976
2977
2980
2984
2985
2987
2989
2990
2992
2993
2994
2995
2999
3001
3002
3004
3005
3006
3007
3008
3009
3010
3012
3013
3014
3017
3020
3022
3023
3024
3027
3032
3034
3036
3037
3039
3041
3044
3046
3048
3049
3050
3051
3052
3053
3059
3064
3065
3069
3072
3074
3077
3078
3079
3081
3082
3085
3086
3087
3090
3091
3093
3094
3096
3097
3098
3099
3106
3107
3108
3110
3112
3114
3116
3121
3122
3123
3125
3126
3128
3130
3132
3133
3135
3136
3137
3138
3140
3143
3145
3147
3148
3149
3150
3152
3155
3156
3157
3158
3160
3161
3164
3165
3167
3171
3172
3174
3178
3179
3180
3182
3183
3184
3188
3189
3190
3191
3194
3195
3198
3199
3201
3202
3203
3204
3208
3209
3211
3212
3213
3215
3217
3218
3222
3227
3228
3229
3231
3233
3235
3236
3238
3241
3244
3245
3246
3248
3249
3251
3252
3255
3256
3258
3259
3261
3262
3264
3265
3266
3268
3269
3270
3272
3273
3278
3279
3281
3284
3286
3287
3289
3292
3296
3297
3298
3300
3303
3307
3308
3309
3310
3311
3312
3313
3315
3317
3319
3320
3321
3323
3324
3329
3330
3331
3332
3333
3336
3338
3340
3342
3343
3344
3346
3347
3348
3349
3350
3351
3352
3356
3357
3359
3360
3361
3362
3363
3364
3366
3367
3368
3369
3372
3373
3374
3375
3377
3378
3379
3380
3381
3382
3383
3384
3387
3388
3390
3393
3394
3402
3403
3405
3407
3409
3410
3411
3413
3414
3417
3419
3421
3422
3423
3424
3427
3428
3429
3430
3432
3435
3440
3443
3444
3445
3447
3448
3450
3451
3452
3453
3454
3455
3456
3457
3458
3464
3466
3468
3470
3471
3473
3474
3475
3477
3480
3482
3484
3485
3486
3487
3490
3491
3492
3497
3498
3499
3500
3501
3502
3504
3505
3506
3507
3508
3512
3513
3514
3515
3519
3520
3523
3524
3525
3527
3531
3534
3539
3541
3544
3545
3546
3550
3553
3554
3558
3559
3561
3562
3564
3566
3568
3569
3571
3572
3573
3574
3577
3579
3581
3582
3583
3585
3586
3588
3590
3591
3592
3593
3596
3598
3599
3600
3603
3606
3608
3609
3611
3612
3614
3618
3621
3625
3626
3627
3628
3632
3633
3635
3636
3637
3638
3641
3643
3644
3645
3648
3649
3650
3651
3655
3657
3658
3661
3665
3666
3670
3672
3673
3674
3675
3676
3678
3679
3680
3681
3683
3684
3685
3689
3690
3691
3692
3694
3695
3696
3697
3699
3705
3709
3712
3714
3715
3717
3719
3720
3721
3722
3723
3725
3726
3730
3732
3734
3736
3737
3738
3740
3741
3742
3745
3747
3749
3751
3752
3753
3756
3757
3760
3761
3763
3765
3766
3770
3772
3773
3774
3775
3776
3777
3778
3780
3782
3783
3786
3787
3789
3790
3792
3794
3796
3798
3800
3803
3804
3805
3808
3809
3811
3815
3816
3817
3818
3820
3821
3822
3824
3825
3827
3829
3830
3831
3832
3833
3834
3835
3837
3839
3840
3843
3845
3846
3847
3854
3855
3857
3858
3859
3860
3862
3864
3867
3868
3870
3872
3874
3875
3877
3881
3882
3884
3885
3886
3887
3888
3891
3892
3895
3898
3900
3901
3902
3904
3907
3909
3911
3912
3913
3914
3915
3918
3919
3921
3922
3923
3924
3925
3926
3927
3928
3930
3931
3932
3933
3934
3935
3936
3937
3938
3939
3941
3942
3945
3952
3954
3955
3956
3959
3960
3961
3962
3963
3965
3966
3969
3970
3971
3973
3974
3975
3981
3983
3987
3988
3990
3992
3994
3997
3999
4000
4001
4002
4003
4004
4005
4006
4007
4009
4013
4016
4017
4020
4021
4022
4023
4025
4026
4027
4028
4030
4032
4033
4037
4038
4041
4044
4046
4047
4049
4051
4054
4058
4059
4060
4061
4063
4065
4067
4073
4075
4077
4080
4081
4083
4087
4089
4090
4091
4094
4098
4099
4100
4102
4103
4104
4105
4107
4109
4111
4112
4114
4115
4117
4119
4122
4125
4128
4129
4130
4132
4136
4137
4138
4139
4141
4144
4145
4147
4148
4150
4152
4153
4156
4157
4159
4160
4161
4164
4168
4170
4175
4176
4177
4179
4181
4182
4184
4186
4187
4188
4189
4190
4192
4193
4194
4196
4199
4200
4202
4204
4205
4206
4207
4208
4209
4212
4214
4216
4219
4220
4221
4222
4226
4228
4229
4232
4233
4234
4235
4236
4238
4239
4240
4241
4244
4246
4247
4248
4250
4252
4253
4254
4255
4256
4257
4258
4260
4262
4266
4267
4268
4270
4271
4273
4274
4275
4276
4282
4284
4286
4287
4289
4290
4294
4297
4298
4304
4305
4306
4309
4310
4311
4313
4316
4319
4321
4322
4323
4326
4327
4328
4329
4331
4333
4335
4336
4338
4339
4342
4343
4345
4347
4349
4352
4356
4357
4360
4361
4362
4365
4368
4370
4372
4373
4374
4375
4376
4377
4379
4382
4383
4387
4388
4390
4391
4392
4395
4397
4398
4400
4404
4406
4407
4408
4409
4410
4411
4415
4416
4418
4420
4421
4423
4424
4425
4426
4427
4429
4430
4431
4432
4434
4436
4439
4440
4442
4443
4444
4445
4446
4447
4450
4453
4455
4457
4460
4461
4463
4464
4466
4467
4468
4469
4470
4471
4473
4474
4477
4479
4481
4482
4483
4484
4485
4486
4488
4489
4491
4493
4496
4498
4499
4500
4501
4504
4509
4510
4511
4512
4514
4516
4517
4521
4523
4524
4525
4526
4527
4529
4531
4537
4538
4542
4543
4544
4545
4547
4549
4556
4557
4558
4559
4560
4563
4566
4567
4568
4570
4572
4573
4574
4575
4577
4579
4580
4581
4582
4583
4585
4587
4589
4595
4596
4597
4599
4601
4602
4604
4605
4606
4608
4610
4611
4612
4613
4614
4616
4619
4620
4621
4625
4626
4627
4628
4629
4630
4632
4635
4637
4638
4639
4640
4641
4643
4644
4645
4646
4648
4649
4650
4652
4653
4654
4655
4656
4657
4660
4661
4663
4664
4665
4666
4667
4668
4670
4672
4673
4674
4676
4677
4678
4679
4682
4684
4685
4688
4689
4690
4691
4693
4694
4695
4697
4699
4701
4702
4704
4707
4708
4710
4712
4713
4717
4718
4719
4720
4721
4722
4724
4725
4726
4727
4728
4729
4730
4733
4735
4737
4739
4741
4742
4743
4745
4749
4753
4754
4757
4759
4761
4764
4765
4766
4767
4770
4771
4772
4773
4775
4776
4777
4778
4779
4780
4781
4785
4786
4787
4789
4792
4798
4800
4802
4803
4807
4809
4811
4812
4813
4815
4816
4817
4818
4820
4821
4823
4824
4825
4826
4829
4830
4831
4832
4834
4835
4836
4839
4841
4842
4843
4845
4846
4847
4848
4850
4854
4855
4856
4859
4865
4866
4869
4870
4876
4879
4882
4883
4885
4886
4887
4888
4891
4892
4898
4900
4901
4902
4903
4904
4905
4906
4908
4910
4911
4912
4915
4920
4921
4922
4923
4925
4926
4927
4930
4931
4932
4933
4935
4937
4938
4940
4941
4942
4943
4944
4946
4948
4949
4954
4956
4959
4960
4962
4963
4964
4965
4966
4968
4971
4972
4975
4978
4979
4982
4986
4987
4988
4989
4990
4993
4994
4995
4997
4998
4999
5000
5001
5003
5005
5007
5009
5010
5012
5013
5014
5016
5017
5018
5022
5024
5026
5028
5030
5032
5033
5034
5035
5037
5039
5040
5041
5042
5043
5045
5047
5048
5049
5053
5054
5055
5056
5059
5061
5062
5066
5067
5068
5069
5070
5071
5077
5078
5082
5083
5084
5085
5086
5087
5088
5090
5092
5093
5096
5098
5100
5101
5103
5104
5105
5106
5108
5109
5110
5111
5112
5115
5121
5122
5123
5124
5125
5126
5127
5131
5132
5135
5136
5137
5138
5141
5142
5143
5144
5145
5147
5149
5150
5151
5152
5153
5154
5155
5157
5158
5159
5160
5161
5168
5169
5170
5173
5177
5183
5184
5185
5186
5189
5190
5192
5193
5194
5195
5197
5201
5202
5203
5206
5207
5211
5213
5214
5215
5217
5218
5219
5221
5222
5225
5229
5230
5232
5233
5234
5235
5238
5243
5244
5246
5247
5248
5250
5252
5253
5254
5255
5258
5260
5261
5263
5266
5267
5268
5272
5276
5277
5278
5279
5280
5281
5283
5285
5287
5289
5290
5292
5296
5297
5299
5300
5301
5303
5304
5305
5307
5309
5310
5313
5314
5315
5316
5318
5320
5322
5323
5325
5326
5328
5329
5332
5333
5340
5341
5342
5343
5344
5345
5346
5348
5350
5351
5352
5353
5358
5361
5362
5363
5369
5371
5373
5375
5376
5377
5382
5385
5387
5391
5393
5394
5395
5396
5399
5400
5401
5402
5406
5407
5408
5409
5412
5413
5414
5415
5417
5422
5424
5425
5427
5428
5429
5430
5431
5433
5434
5435
5436
5437
5438
5439
5441
5443
5445
5446
5447
5448
5450
5453
5454
5455
5456
5457
5458
5459
5464
5465
5466
5467
5468
5469
5473
5474
5475
5476
5477
5478
5479
5481
5483
5485
5488
5491
5492
5494
5495
5496
5497
5499
5501
5502
5503
5504
5505
5506
5507
5509
5511
5515
5519
5520
5521
5524
5527
5528
5529
5530
5532
5535
5538
5540
5541
5542
5544
5545
5550
5551
5553
5554
5555
5558
5560
5561
5563
5565
5566
5568
5573
5574
5578
5581
5584
5585
5587
5588
5591
5596
5597
5598
5599
5600
5602
5607
5611
5613
5614
5615
5619
5620
5621
5622
5623
5624
5625
5626
5627
5630
5631
5632
5637
5638
5640
5642
5644
5645
5646
5649
5651
5652
5653
5655
5660
5663
5664
5665
5667
5669
5670
5671
5672
5673
5675
5676
5678
5679
5681
5683
5684
5686
5688
5689
5691
5692
5695
5696
5697
5698
5699
5700
5703
5706
5707
5708
5709
5711
5712
5715
5716
5721
5722
5723
5729
5730
5733
5735
5736
5737
5738
5739
5740
5741
5742
5743
5744
5748
5750
5751
5755
5756
5758
5759
5760
5761
5763
5764
5766
5767
5768
5772
5773
5777
5778
5779
5780
5782
5784
5785
5786
5787
5789
5790
5793
5794
5795
5797
5798
5801
5802
5804
5806
5814
5816
5817
5818
5819
5821
5824
5825
5826
5830
5831
5832
5837
5838
5839
5840
5842
5843
5845
5848
5850
5852
5853
5855
5856
5857
5858
5859
5862
5865
5868
5870
5872
5873
5875
5881
5883
5884
5886
5887
5890
5891
5892
5893
5894
5895
5896
5897
5898
5899
5900
5902
5904
5905
5907
5908
5909
5910
5911
5913
5914
5916
5921
5922
5923
5924
5926
5928
5929
5930
5932
5933
5934
5937
5938
5944
5946
5947
5948
5951
5952
5953
5954
5955
5956
5960
5963
5965
5966
5968
5969
5970
5971
5973
5975
5976
5977
5978
5980
5983
5984
5988
5990
5991
5992
5994
5995
5998
6000
6001
6003
6005
6006
6007
6008
6009
6010
6012
6013
6015
6018
6020
6021
6025
6026
6027
6029
6034
6035
6036
6039
6041
6042
6043
6045
6046
6048
6049
6057
6058
6059
6060
6061
6062
6063
6064
6066
6069
6071
6072
6074
6075
6077
6078
6081
6082
6083
6085
6087
6089
6091
6094
6095
6096
6098
6100
6103
6104
6106
6108
6110
6111
6112
6113
6114
6117
6118
6120
6121
6124
6125
6127
6129
6131
6132
6134
6135
6137
6141
6144
6145
6146
6148
6149
6151
6153
6154
6155
6156
6157
6158
6160
6163
6165
6166
6169
6170
6171
6172
6173
6176
6177
6179
6180
6182
6183
6185
6186
6187
6188
6189
6191
6192
6193
6194
6197
6199
6200
6201
6203
6206
6207
6208
6210
6211
6213
6216
6217
6218
6219
6223
6225
6226
6230
6235
6236
6237
6241
6242
6246
6249
6251
6253
6254
6260
6262
6265
6267
6268
6271
6272
6275
6277
6281
6282
6283
6284
6285
6286
6287
6288
6289
6293
6294
6295
6296
6298
6299
6300
6301
6303
6305
6306
6310
6311
6312
6313
6315
6317
6318
6319
6323
6325
6327
6329
6330
6331
6332
6334
6335
6336
6338
6341
6343
6346
6348
6350
6353
6354
6355
6356
6359
6360
6362
6366
6367
6368
6370
6372
6373
6376
6377
6378
6379
6380
6381
6382
6384
6387
6388
6389
6390
6391
6393
6394
6395
6397
6399
6402
6403
6406
6407
6409
6410
6411
6412
6414
6418
6419
6421
6422
6425
6428
6431
6432
6433
6435
6436
6440
6441
6442
6444
6445
6446
6447
6451
6452
6454
6456
6457
6458
6460
6464
6466
6467
6471
6472
6473
6475
6476
6477
6478
6479
6480
6482
6484
6488
6490
6491
6492
6494
6495
6497
6499
6501
6502
6503
6504
6506
6507
6515
6516
6517
6518
6521
6523
6524
6526
6528
6531
6532
6533
6536
6538
6540
6541
6546
6548
6550
6553
6554
6557
6558
6560
6563
6564
6565
6566
6567
6570
6572
6574
6576
6577
6578
6580
6581
6583
6584
6585
6587
6588
6590
6594
6596
6598
6599
6600
6601
6604
6606
6607
6608
6609
6611
6612
6613
6616
6618
6620
6622
6623
6626
6627
6628
6630
6632
6634
6635
6636
6637
6641
6642
6644
6646
6647
6649
6650
6651
6653
6654
6658
6660
6661
6662
6663
6664
6666
6667
6668
6670
6671
6672
6673
6674
6675
6678
6679
6681
6682
6683
6684
6685
6686
6689
6690
6691
6695
6696
6697
6700
6701
6702
6703
6704
6706
6707
6708
6709
6710
6712
6713
6715
6716
6719
6720
6721
6722
6728
6730
6731
6732
6733
6734
6735
6737
6739
6743
6747
6748
6749
6750
6751
6752
6753
6757
6759
6761
6763
6764
6765
6766
6767
6769
6770
6771
6775
6777
6780
6781
6782
6783
6784
6785
6790
6791
6792
6794
6796
6797
6799
6801
6802
6803
6804
6808
6810
6811
6813
6814
6815
6817
6821
6822
6823
6824
6826
6827
6829
6830
6832
6833
6836
6838
6839
6841
6845
6846
6848
6849
6850
6851
6852
6854
6859
6860
6861
6862
6863
6864
6865
6866
6867
6869
6873
6874
6878
6879
6883
6884
6886
6887
6889
6890
6894
6895
6896
6897
6898
6899
6900
6904
6905
6906
6907
6909
6912
6913
6914
6915
6917
6920
6922
6924
6926
6927
6928
6929
6930
6931
6933
6934
6935
6936
6937
6939
6940
6941
6942
6943
6944
6946
6948
6952
6953
6955
6957
6958
6961
6962
6965
6966
6967
6969
6970
6971
6972
6973
6974
6979
6981
6983
6988
6990
6992
6993
6996
6999
7000
7001
7002
7003
7004
7005
7006
7007
7008
7009
7013
7017
7019
7021
7023
7025
7027
7028
7029
7030
7031
7032
7033
7035
7037
7040
7041
7042
7043
7044
7045
7046
7051
7055
7056
7058
7059
7061
7064
7068
7069
7070
7071
7073
7075
7076
7077
7080
7083
7084
7086
7087
7088
7089
7090
7092
7095
7096
7097
7098
7099
7100
7102
7103
7104
7105
7106
7110
7111
7112
7115
7117
7118
7121
7122
7123
7124
7125
7130
7134
7135
7136
7138
7139
7141
7142
7143
7146
7148
7149
7150
7151
7154
7156
7158
7162
7163
7165
7166
7167
7169
7171
7172
7176
7177
7179
7180
7181
7182
7183
7184
7186
7188
7189
7191
7195
7197
7198
7200
7201
7202
7204
7206
7207
7208
7209
7210
7211
7212
7213
7214
7215
7216
7217
7218
7219
7221
7224
7226
7228
7229
7230
7231
7236
7237
7239
7240
7242
7243
7244
7245
7246
7247
7250
7251
7252
7253
7259
7260
7261
7262
7264
7267
7269
7275
7276
7278
7279
7281
7284
7287
7289
7290
7291
7292
7293
7295
7296
7298
7300
7309
7311
7312
7315
7318
7319
7325
7326
7327
7328
7329
7330
7332
7333
7334
7335
7336
7339
7341
7343
7345
7346
7347
7348
7351
7356
7357
7359
7360
7362
7363
7364
7366
7368
7372
7373
7374
7376
7377
7378
7379
7380
7381
7382
7383
7384
7386
7390
7391
7394
7395
7396
7398
7404
7405
7407
7408
7412
7414
7418
7419
7421
7422
7425
7427
7428
7429
7430
7431
7438
7441
7442
7444
7446
7447
7448
7450
7451
7454
7456
7457
7458
7461
7462
7463
7465
7466
7469
7470
7471
7472
7474
7476
7477
7478
7480
7482
7484
7485
7487
7489
7490
7492
7494
7495
7496
7497
7498
7500
7501
7502
7503
7509
7510
7511
7512
7513
7514
7515
7518
7519
7520
7522
7524
7525
7526
7528
7529
7531
7532
7533
7534
7535
7536
7540
7542
7543
7545
7547
7553
7555
7556
7561
7563
7564
7567
7569
7571
7573
7574
7575
7576
7577
7579
7580
7581
7585
7586
7587
7592
7593
7594
7595
7596
7597
7598
7599
7601
7603
7605
7606
7607
7608
7609
7611
7612
7613
7615
7616
7618
7621
7622
7623
7624
7625
7626
7628
7629
7630
7631
7632
7633
7634
7635
7636
7639
7641
7644
7645
7646
7647
7650
7651
7652
7653
7655
7656
7657
7659
7660
7661
7662
7663
7666
7668
7669
7675
7678
7680
7681
7685
7688
7690
7691
7692
7696
7697
7700
7701
7703
7704
7705
7707
7708
7710
7711
7712
7715
7716
7719
7720
7721
7723
7724
7725
7728
7729
7730
7732
7737
7740
7743
7744
7745
7746
7748
7750
7752
7754
7755
7756
7758
7759
7760
7761
7762
7764
7767
7769
7772
7773
7775
7776
7777
7778
7780
7781
7782
7785
7791
7792
7793
7794
7796
7797
7799
7800
7802
7803
7804
7807
7809
7810
7813
7815
7816
7818
7821
7824
7825
7827
7828
7830
7831
7834
7835
7838
7841
7842
7843
7847
7848
7851
7852
7853
7854
7859
7861
7863
7865
7866
7867
7870
7871
7872
7874
7875
7876
7877
7880
7881
7882
7884
7885
7886
7887
7893
7894
7896
7897
7900
7902
7903
7906
7908
7909
7911
7913
7914
7916
7919
7920
7921
7922
7924
7925
7926
7927
7928
7929
7932
7934
7935
7936
7937
7938
7939
7941
7944
7945
7946
7951
7953
7954
7955
7958
7959
7960
7961
7963
7971
7972
7975
7976
7977
7978
7980
7981
7982
7984
7985
7986
7987
7988
7990
7993
7995
7996
7999
8001
8002
8004
8010
8012
8013
8017
8019
8021
8022
8025
8027
8028
8029
8030
8031
8033
8034
8035
8037
8038
8044
8045
8047
8048
8050
8052
8057
8058
8060
8066
8067
8068
8070
8071
8076
8077
8080
8081
8082
8083
8084
8088
8089
8091
8093
8095
8096
8097
8100
8104
8106
8107
8108
8109
8112
8113
8119
8120
8122
8123
8128
8129
8131
8132
8133
8134
8135
8138
8141
8142
8144
8146
8149
8153
8156
8158
8159
8160
8165
8166
8168
8169
8171
8173
8174
8175
8177
8179
8180
8183
8184
8185
8186
8188
8190
8191
8193
8196
8198
8199
8200
8201
8203
8205
8206
8209
8210
8212
8213
8215
8216
8219
8221
8223
8224
8228
8229
8231
8233
8235
8236
8238
8239
8241
8244
8245
8246
8250
8251
8252
8254
8255
8256
8257
8259
8261
8263
8264
8265
8267
8268
8270
8271
8274
8275
8276
8279
8280
8283
8284
8286
8287
8288
8290
8292
8293
8296
8298
8299
8304
8306
8308
8309
8311
8312
8313
8314
8315
8318
8320
8321
8322
8324
8325
8329
8330
8332
8333
8334
8336
8337
8338
8339
8340
8341
8342
8343
8344
8345
8346
8347
8348
8349
8350
8351
8352
8353
8354
8355
8357
8358
8359
8360
8363
8366
8367
8368
8370
8372
8373
8375
8380
8381
8382
8384
8387
8388
8389
8391
8392
8393
8394
8395
8397
8398
8399
8400
8401
8403
8407
8410
8411
8412
8414
8416
8417
8418
8419
8420
8421
8422
8426
8428
8430
8431
8433
8434
8435
8437
8438
8439
8442
8444
8445
8447
8454
8455
8456
8457
8458
8460
8461
8463
8465
8466
8468
8469
8470
8471
8472
8473
8475
8476
8479
8481
8482
8484
8485
8493
8494
8496
8498
8501
8505
8506
8507
8509
8510
8511
8512
8514
8516
8517
8520
8521
8522
8525
8526
8528
8531
8532
8535
8536
8539
8540
8542
8543
8547
8549
8550
8551
8552
8553
8554
8558
8560
8561
8562
8563
8565
8566
8571
8573
8574
8575
8576
8577
8579
8584
8587
8589
8592
8595
8598
8599
8606
8608
8610
8611
8614
8618
8619
8620
8627
8628
8630
8632
8633
8634
8635
8638
8639
8640
8641
8643
8644
8646
8649
8651
8652
8657
8658
8661
8663
8666
8670
8672
8673
8674
8675
8676
8678
8679
8682
8683
8684
8685
8688
8693
8695
8698
8699
8701
8702
8708
8710
8711
8712
8713
8714
8715
8717
8718
8719
8723
8725
8726
8729
8730
8731
8732
8736
8737
8738
8739
8740
8742
8743
8745
8747
8748
8749
8750
8751
8752
8753
8754
8757
8758
8760
8761
8762
8768
8769
8771
8772
8775
8776
8779
8780
8781
8782
8786
8788
8790
8792
8793
8794
8796
8797
8798
8799
8800
8801
8802
8803
8807
8808
8810
8811
8812
8813
8816
8817
8819
8820
8821
8824
8826
8827
8828
8829
8832
8834
8835
8838
8839
8840
8843
8844
8847
8849
8850
8852
8853
8856
8857
8858
8860
8864
8865
8866
8868
8869
8871
8873
8874
8876
8877
8878
8879
8881
8883
8884
8886
8887
8888
8892
8895
8896
8898
8899
8900
8901
8903
8904
8905
8906
8907
8908
8912
8914
8917
8918
8923
8926
8928
8929
8930
8931
8933
8934
8935
8936
8937
8938
8942
8945
8946
8949
8950
8951
8952
8953
8954
8955
8956
8957
8960
8961
8962
8963
8964
8965
8967
8969
8970
8973
8974
8975
8977
8979
8981
8984
8987
8989
8990
8993
8995
8996
8998
8999
1341
999
10
13
21
22
27
33
35
38
52
53
57
61
67
73
77
80
88
101
115
125
147
149
150
153
156
169
172
181
183
185
187
192
193
204
209
211
213
215
222
224
227
241
247
253
258
266
275
279
280
298
302
306
311
319
326
328
341
344
346
347
349
358
370
372
377
391
392
396
397
405
430
433
434
438
443
445
448
451
456
459
469
487
489
493
495
498
501
511
517
519
525
538
563
566
568
588
598
599
609
610
611
613
624
634
636
639
640
651
653
656
667
670
673
676
679
680
685
692
698
700
703
710
711
717
741
743
746
765
769
770
774
780
784
785
786
791
795
799
805
820
831
839
841
847
848
851
852
856
864
867
877
883
892
894
897
900
902
903
904
907
914
924
925
928
934
938
939
949
956
959
963
970
975
979
985
988
989
994
1003
1006
1019
1020
1027
1029
1031
1033
1038
1048
1050
1053
1057
1060
1061
1062
1063
1076
1080
1089
1090
1091
1094
1100
1107
1113
1122
1126
1141
1142
1145
1146
1149
1152
1159
1163
1166
1169
1172
1175
1185
1188
1189
1210
1213
1218
1219
1224
1238
1247
1249
1250
1252
1255
1258
1274
1286
1290
1311
1314
1318
1324
1325
1340
1341
1343
1349
1351
1358
1368
1371
1374
1385
1390
1391
1392
1395
1396
1399
1402
1407
1413
1416
1425
1426
1427
1432
1433
1437
1438
1443
1444
1456
1459
1460
1467
1473
1475
1477
1483
1488
1494
1495
1496
1498
1499
1504
1515
1524
1534
1542
1546
1548
1549
1550
1553
1557
1558
1583
1586
1588
1593
1596
1600
1602
1604
1607
1613
1614
1622
1626
1632
1634
1635
1637
1642
1647
1648
1654
1655
1656
1659
1662
1665
1680
1683
1684
1692
1695
1701
1702
1710
1711
1715
1718
1726
1729
1735
1738
1742
1745
1749
1751
1753
1759
1760
1773
1774
1775
1776
1782
1786
1793
1798
1804
1812
1816
1819
1820
1822
1828
1831
1860
1868
1876
1879
1884
1887
1896
1898
1900
1902
1910
1912
1914
1915
1919
1923
1924
1925
1926
1927
1934
1937
1938
1942
1944
1947
1957
1967
1970
1973
1974
1978
1981
1989
1997
2002
2006
2007
2016
2017
2027
2030
2034
2040
2041
2043
2045
2048
2070
2072
2073
2075
2079
2086
2094
2096
2101
2107
2108
2111
2116
2119
2124
2135
2143
2144
2149
2151
2153
2170
2174
2185
2191
2192
2194
2199
2210
2211
2227
2228
2230
2239
2244
2250
2253
2254
2257
2260
2261
2266
2269
2272
2273
2276
2282
2292
2293
2300
2304
2306
2307
2311
2312
2319
2320
2324
2325
2326
2328
2338
2341
2344
2346
2362
2377
2379
2380
2381
2386
2388
2390
2392
2396
2404
2408
2409
2415
2417
2424
2425
2427
2431
2434
2435
2438
2439
2445
2448
2452
2455
2457
2458
2462
2468
2478
2479
2480
2482
2485
2491
2502
2505
2517
2545
2551
2555
2562
2564
2570
2572
2577
2581
2591
2593
2594
2596
2597
2599
2600
2601
2608
2611
2616
2618
2625
2635
2639
2647
2648
2649
2653
2659
2662
2664
2667
2668
2674
2677
2678
2680
2685
2691
2695
2699
2700
2704
2712
2724
2725
2732
2734
2740
2742
2743
2745
2754
2765
2779
2796
2800
2805
2806
2811
2813
2820
2826
2838
2844
2846
2856
2860
2867
2870
2871
2879
2891
2893
2894
2895
2909
2910
2922
2933
2935
2939
2952
2960
2968
2969
2971
2977
2978
2979
2984
2992
2993
2998
3004
3012
3018
3030
3031
3033
3036
3041
3045
3046
3050
3077
3078
3085
3091
3096
3099
3102
3103
3120
3126
3130
3134
3135
3136
3141
3145
3147
3152
3164
3178
3179
3180
3184
3188
3189
3203
3207
3211
3215
3236
3238
3240
3241
3242
3244
3263
3264
3269
3270
3272
3278
3287
3289
3290
3291
3295
3301
3303
3304
3306
3310
3313
3320
3325
3330
3342
3344
3348
3349
3351
3353
3354
3357
3359
3366
3367
3370
3388
3391
3397
3398
3404
3412
3416
3424
3426
3430
3436
3438
3446
3448
3449
3463
3471
3476
3497
3502
3504
3528
3534
3535
3548
3552
3557
3563
3564
3566
3570
3581
3583
3598
3602
3603
3606
3612
3614
3615
3618
3625
3633
3635
3639
3658
3664
3666
3671
3674
3677
3678
3689
3694
3701
3709
3710
3714
3715
3718
3726
3729
3733
3746
3748
3751
3753
3754
3757
3766
3771
3778
3780
3783
3814
3826
3835
3838
3839
3844
3847
3848
3851
3858
3864
3865
3866
3877
3882
3888
3895
3898
3912
3917
3919
3920
3935
3939
3944
3945
3947
3954
3960
3974
3975
3978
3981
3995
4002
4006
4016
4017
4020
4021
4031
4034
4043
4048
4056
4059
4064
4069
4071
4078
4093
4094
4097
4098
4102
4104
4106
4114
4130
4134
4135
4138
4139
4144
4154
4165
4166
4167
4175
4179
4180
4189
4193
4194
4202
4207
4208
4217
4220
4222
4225
4242
4243
4244
4245
4248
4249
4253
4265
4273
4275
4280
4299
4306
4308
4309
4310
4320
4325
4326
4332
4337
4339
4349
4360
4361
4363
4364
4375
4376
4389
4395
4399
4403
4405
4407
4409
4418
4425
4431
4445
4447
4451
4454
4460
4463
4465
4472
4475
4477
4481
4484
4485
4487
4490
4520
4528
4529
4533
4534
4535
4541
4549
4556
4558
4563
4568
4576
4584
4591
4609
4614
4616
4625
4630
4631
4632
4639
4641
4642
4647
4651
4652
4655
4658
4660
4665
4676
4687
4688
4690
4695
4703
4705
4719
4721
4724
4725
4726
4728
4733
4741
4757
4759
4768
4776
4787
4790
4799
4800
4801
4805
4811
4814
4816
4817
4821
4826
4838
4841
4843
4846
4855
4862
4866
4869
4871
4874
4883
4884
4885
4886
4889
4890
4893
4898
4899
4901
4904
4905
4908
4911
4915
4931
4938
4945
4947
4951
4952
4957
4960
4972
4978
4979
4982
4988
4989
4990
4992
4999
905
10
905
1693
2377
2711
3601
3737
4420
4496
4797
4941
1199
500
600
601
602
603
604
605
606
608
609
610
611
614
615
616
617
619
620
621
622
624
625
626
628
629
630
631
632
633
634
635
638
639
640
642
644
646
647
648
649
650
651
652
653
654
657
658
659
660
662
663
665
666
668
669
671
672
674
675
676
677
678
679
681
683
684
685
686
687
688
689
691
692
693
694
695
696
697
700
701
703
704
705
706
707
708
709
710
714
715
716
717
718
719
720
721
722
723
724
725
726
727
728
729
730
731
732
733
734
735
736
737
738
739
740
741
742
744
745
746
747
748
749
750
751
753
754
755
756
757
758
759
760
761
763
764
765
766
767
768
769
771
772
773
774
775
778
779
780
781
782
783
784
785
787
789
791
792
793
794
795
796
797
798
799
800
801
802
803
804
805
806
807
808
810
811
812
813
814
815
816
817
818
819
821
822
823
824
825
827
828
829
830
831
832
833
835
836
837
838
839
840
841
842
843
844
845
846
847
848
849
850
852
853
854
856
857
858
859
860
861
862
863
864
866
868
869
870
872
873
874
875
876
877
878
879
880
881
883
884
886
887
890
891
892
893
894
895
896
897
898
899
900
902
903
904
905
907
908
909
910
912
913
915
916
917
918
919
921
922
923
924
925
926
927
928
929
931
933
934
935
936
938
939
940
941
942
943
944
945
946
947
948
949
950
951
952
953
954
956
958
959
960
961
962
964
965
966
967
968
969
970
971
972
973
975
977
979
980
981
982
983
984
985
986
987
988
989
990
991
992
993
994
995
997
998
999
1000
1001
1002
1003
1004
1005
1006
1007
1008
1010
1013
1014
1015
1016
1017
1018
1019
1020
1021
1023
1024
1025
1026
1027
1029
1030
1031
1032
1033
1034
1035
1036
1037
1040
1043
1044
1045
1046
1047
1048
1049
1050
1051
1052
1054
1055
1057
1058
1059
1060
1061
1062
1063
1064
1065
1067
1068
1069
1071
1072
1073
1074
1075
1076
1077
1078
1079
1080
1081
1082
1083
1084
1085
1087
1088
1091
1092
1093
1095
1096
1097
1098
1099
1100
1101
1103
1104
1106
1107
1108
1109
1110
1111
1113
1114
1115
1116
1117
1118
1119
1120
1121
1122
1123
1125
1126
1127
1128
1130
1132
1133
1134
1136
1137
1138
1139
1141
1142
1143
1144
1146
1147
1148
1149
1150
1151
1152
1153
1155
1156
1157
1158
1159
1161
1162
1163
1164
1167
1168
1169
1173
1174
1175
1176
1177
1178
1179
1182
1183
1184
1186
1187
1188
1189
1190
1192
1193
1194
1195
1196
1197
1198
1199
1200
25
10
2
4
6
20
25
25
25
25
37
49
